0	7.0905874e-06	1.3437211e-09	1.539322e-09	1.7790852e-09	1.5133343e-09
0.501002	7.0858418e-06	1.2619607e-09	1.4559622e-09	1.6917842e-09	1.4296907e-09
1.002004	6.9640601e-06	8.7371873e-10	1.07562e-09	1.3112244e-09	1.0485352e-09
1.503006	6.7225753e-06	6.4593934e-10	8.7233704e-10	1.1091374e-09	8.4390206e-10
2.004008	6.3600639e-06	9.6571227e-10	1.2292304e-09	1.4645422e-09	1.1989098e-09
2.50501	5.8788274e-06	6.3720589e-10	9.4579742e-10	1.1747333e-09	9.1308002e-10
3.006012	5.2820757e-06	8.2363184e-10	1.1837389e-09	1.4014884e-09	1.1481863e-09
3.507014	4.5801835e-06	6.147534e-10	1.0357173e-09	1.2391074e-09	9.9707356e-10
4.008016	3.7887505e-06	1.5620866e-09	2.0612255e-09	2.249559e-09	2.0196478e-09
4.509018	2.9388945e-06	8.7820009e-10	1.4876522e-09	1.663301e-09	1.4442136e-09
5.01002	2.0710869e-06	1.8790753e-09	2.6584017e-09	2.8287803e-09	2.6162622e-09
5.511022	1.2521987e-06	1.2370859e-09	2.3061723e-09	2.4923544e-09	2.2737445e-09
6.012024	5.6591134e-07	6.6515898e-10	2.3286577e-09	2.601076e-09	2.3310389e-09
6.5130261	1.126669e-07	1.7619837e-09	5.4430518e-09	6.1661606e-09	5.6037279e-09
7.0140281	1.219953e-09	1.1229328e-08	2.045052e-08	2.319526e-08	2.1353578e-08
7.5150301	2.4917054e-07	1.0350454e-09	1.1467659e-09	2.0407764e-09	1.5280633e-09
8.0160321	1.0292683e-06	5.0178682e-10	7.0147784e-10	1.3654502e-09	1.0367472e-09
8.5170341	2.3253535e-06	5.31867e-10	2.4173825e-10	7.8375703e-10	5.6626705e-10
9.0180361	3.9774969e-06	1.0011853e-09	1.5252506e-09	1.966651e-09	1.8413037e-09
9.5190381	5.6897675e-06	2.3295383e-11	3.9056855e-10	7.4120991e-10	6.9123735e-10
10.02004	7.1387865e-06	6.0821141e-10	3.3650799e-10	6.4997445e-11	6.0674458e-11
10.521042	8.0721119e-06	2.2790379e-11	2.4429196e-10	4.5129424e-10	4.8623045e-10
11.022044	8.365501e-06	2.5843971e-11	2.3274342e-10	3.9060163e-10	4.3296723e-10
11.523046	8.0237665e-06	1.0684748e-11	2.3284221e-10	3.5543016e-10	3.8407486e-10
12.024048	7.1400381e-06	5.4608174e-10	8.1152145e-10	9.0971563e-10	9.0522203e-10
12.52505	5.8549185e-06	1.0454962e-10	4.4393483e-10	5.2444648e-10	4.6737999e-10
13.026052	4.338479e-06	3.0806522e-10	7.6124369e-10	8.2497319e-10	6.9259592e-10
13.527054	2.7780781e-06	6.2316698e-10	1.2513697e-09	1.2898433e-09	1.0496739e-09
14.028056	1.3826047e-06	2.0921725e-10	1.1243564e-09	1.1098213e-09	7.0431642e-10
14.529058	3.8136896e-07	7.1125922e-10	2.175909e-09	2.0265681e-09	1.3223043e-09
15.03006	5.2862514e-08	6.4245446e-12	3.0380601e-09	2.4016002e-09	8.9301612e-10
15.531062	5.8509221e-07	6.0034451e-10	8.3195289e-09	6.8583489e-09	1.0229679e-09
16.032064	1.8550373e-06	8.7735942e-10	3.0082338e-09	2.1412763e-09	8.2027926e-10
16.533066	3.119713e-06	7.2914878e-10	2.7398983e-10	1.5046922e-10	8.3181871e-10
17.034068	3.0446524e-06	4.7278886e-10	1.0919028e-10	1.0909942e-10	3.0730008e-10
17.53507	1.1055671e-06	1.8970625e-12	5.3355235e-10	9.6538799e-10	7.0373164e-10
18.036072	1.1120439e-06	4.4251531e-10	3.7844107e-10	1.206811e-09	1.1391874e-09
18.537074	1.3216749e-06	2.1489237e-09	1.647635e-11	1.3486496e-09	2.2108002e-09
19.038076	1.2721175e-06	9.753134e-10	2.7907188e-09	3.3698999e-09	4.7650587e-09
19.539078	2.2296751e-06	7.7432011e-10	8.6210087e-11	5.1281168e-10	6.2149073e-10
20.04008	7.7570878e-06	4.1679382e-11	4.4192752e-10	3.0279438e-10	8.2430106e-10
20.541082	1.4366257e-05	1.605688e-10	1.1615237e-10	8.5046494e-10	3.4504227e-10
21.042084	2.0895533e-05	2.0194436e-10	9.98412e-12	1.1752405e-09	1.4485232e-10
21.543086	2.6245824e-05	2.7018838e-10	9.6057167e-11	1.5748769e-09	2.9398001e-11
22.044088	2.9631725e-05	1.6691703e-10	1.6465151e-11	2.06657e-09	6.0485804e-12
22.54509	3.0696266e-05	1.4940227e-10	1.4370816e-11	3.7473672e-09	5.5597823e-11
23.046092	2.9484073e-05	9.0109705e-13	1.2605279e-10	9.0001423e-12	3.2332787e-11
23.547094	2.6328693e-05	1.1908054e-10	6.7547308e-13	5.2685457e-10	1.5226216e-10
24.048096	2.173126e-05	1.0210188e-10	2.2221899e-10	4.8836956e-10	5.3367165e-12
24.549098	1.6266772e-05	9.4650285e-12	1.2181563e-10	2.5244215e-10	2.1186519e-10
25.0501	1.0533296e-05	5.131233e-10	6.8261812e-10	7.3745651e-10	1.7411727e-10
25.551102	5.0984879e-06	5.7105915e-10	8.6427547e-10	8.5788063e-10	2.2892835e-12
26.052104	2.5077544e-07	5.0538602e-10	4.5156794e-10	6.4390463e-10	1.4384264e-09
26.553106	6.7931834e-07	7.2430291e-10	7.3756877e-10	2.7001145e-09	2.8393054e-09
27.054108	3.3227506e-07	1.0915229e-09	8.8927812e-10	1.5547751e-09	1.7992041e-09
27.55511	8.5311522e-07	1.2583054e-10	2.8890449e-11	3.1176644e-10	2.0233545e-10
28.056112	2.1792239e-07	4.9980654e-10	2.046701e-12	2.6436716e-09	4.1998716e-10
28.557114	1.7291605e-07	1.9200294e-09	4.3057997e-10	6.1479253e-09	8.9700341e-11
29.058116	1.4327819e-07	9.2154708e-10	5.9872292e-11	4.7618396e-10	1.9617238e-10
29.559118	3.5952578e-06	6.3508454e-10	2.0041269e-10	2.5900303e-11	3.1933059e-10
30.06012	1.1832706e-05	5.8339607e-10	4.291571e-10	3.4124709e-10	4.9595385e-10
30.561122	2.212671e-05	9.2908861e-11	1.1145847e-10	4.9549299e-11	1.3736288e-10
31.062124	3.2430201e-05	1.6876876e-10	3.0129496e-11	1.040566e-10	3.1366971e-11
31.563126	4.0969222e-05	2.9547479e-10	6.8484489e-11	1.6816052e-10	8.6587197e-11
32.064128	4.6240941e-05	2.4381296e-10	5.2073093e-11	8.1762773e-11	2.4219204e-11
32.56513	4.7082367e-05	4.2200767e-10	6.39907e-11	2.4115886e-10	9.6642677e-11
33.066132	4.267146e-05	4.6011497e-10	1.9448459e-11	2.516207e-10	5.3252723e-11
33.567134	3.2439451e-05	5.910714e-10	3.8980577e-11	3.3916222e-10	7.0799835e-11
34.068136	1.6014446e-05	5.3302441e-10	1.7866906e-10	2.0496954e-10	1.5270331e-10
34.569138	5.3345469e-06	6.1102998e-10	2.9646366e-10	2.0497248e-10	2.8553062e-10
35.07014	1.0299036e-05	1.5459256e-09	3.2222814e-10	2.9151119e-10	2.2618587e-10
35.571142	4.8939401e-06	2.624171e-10	2.2233745e-10	1.77323e-10	4.1924644e-11
36.072144	1.8501664e-06	7.2773675e-11	7.6998871e-11	2.9354078e-10	2.200984e-10
36.573146	6.5893142e-06	2.0759836e-09	4.602738e-10	1.7716274e-09	4.4009579e-10
37.074148	5.4694941e-07	8.6594149e-10	1.1590281e-10	1.5093812e-09	1.4407569e-10
37.57515	2.2157895e-05	9.3135139e-10	7.8975734e-11	8.872209e-10	1.2185268e-10
38.076152	3.7113074e-05	5.6779239e-10	1.9176992e-11	2.4626076e-10	2.8779643e-11
38.577154	2.8211986e-05	2.7618985e-10	4.1876996e-11	1.5396779e-10	2.3336137e-11
39.078156	2.1894831e-05	9.8764674e-11	1.5887178e-10	3.3811636e-11	3.3719491e-11
39.579158	1.9096338e-05	1.7899621e-09	2.1864101e-10	5.60551e-10	1.0435871e-10
40.08016	0.00038704665	1.1986877e-09	7.8007448e-12	1.4583954e-09	4.2716987e-11
40.581162	7.8088323e-05	1.2308114e-09	1.9638454e-11	2.578739e-09	1.3804064e-11
41.082164	0.00013748269	2.8056399e-09	7.8104913e-11	4.5678268e-09	6.6763961e-11
41.583166	0.00015742735	2.1962845e-09	4.9835458e-11	2.7658582e-09	5.6022833e-11
42.084168	7.4847486e-05	1.6155501e-08	4.8570854e-11	2.4520647e-08	5.6806444e-11
42.58517	0.00068166677	8.3709773e-08	6.9905376e-11	6.0601827e-08	1.5645107e-10
43.086172	0.00059615748	5.8291463e-06	9.8337447e-08	1.2729039e-05	7.9890767e-08
43.587174	0.00017437872	3.357077e-07	9.4230479e-08	2.3029692e-05	2.3333994e-08
44.088176	0.0010616986	0.00046784698	5.1320518e-05	0.00072395343	3.6316855e-05
44.589178	0.0058974487	0.00097472904	6.392981e-06	0.00054929248	2.0560989e-06
45.09018	0.00077866915	0.006191265	0.0006097743	0.0093069993	0.0010307725
45.591182	5.6217581e-06	0.0013727472	0.00093493979	0.00078698953	7.2707952e-05
46.092184	0.0013625413	0.12424167	0.010230276	0.074601468	0.036726509
46.593186	0.063403869	0.014411416	0.020102613	0.019258749	0.022393926
47.094188	0.025592586	0.031378413	0.029019263	0.047918094	0.0043840983
47.59519	0.15098175	0.16650063	0.035858556	0.22341894	0.058916748
48.096192	0.074147747	0.00012646038	0.00012208677	4.7073586e-05	0.00019752267
48.597194	0.026220397	6.8353667e-08	7.482289e-10	5.2226863e-08	1.9629103e-09
49.098196	0.013983971	1.7053976e-08	8.3036941e-11	3.6121655e-09	2.2554947e-10
49.599198	0.0086428674	7.0405496e-10	1.0983166e-11	2.7935962e-10	9.6541061e-12
50.1002	0.0057820722	7.742792e-10	7.7213051e-12	2.7432749e-10	6.9012907e-12
50.601202	0.0040570473	1.3690531e-10	1.3376752e-11	1.4233879e-11	1.0801827e-11
51.102204	0.002932131	1.5697552e-10	4.4845129e-12	3.8128288e-11	1.1546733e-12
51.603206	0.0021564559	1.4238179e-10	7.6527596e-12	1.347646e-11	3.8723879e-12
52.104208	0.0015988365	2.4484823e-10	6.46529e-13	1.6298186e-11	3.0732621e-12
52.60521	0.001184941	4.3839315e-10	2.3848614e-11	4.2006084e-11	2.6663569e-11
53.106212	0.00087001954	3.0068318e-10	4.3960617e-11	2.8284841e-11	4.3213423e-11
53.607214	0.0006258481	9.867295e-11	3.2052346e-11	1.5315935e-10	2.9100885e-11
54.108216	0.00043398069	3.3735094e-10	8.2196006e-12	1.5071653e-10	1.2321983e-12
54.609218	0.00028201889	6.050891e-10	1.020082e-10	2.1332739e-10	8.0441542e-11
55.11022	0.00016137138	6.9255247e-10	2.5216487e-11	4.9944441e-11	7.2403614e-11
55.611222	6.5816193e-05	1.2042296e-09	9.1972516e-11	3.3410333e-10	2.5915774e-11
56.112224	3.4140711e-06	5.770139e-09	1.4458943e-09	5.8950626e-09	2.1301793e-09
56.613226	6.3124427e-06	1.5349756e-10	7.8067007e-11	2.8769132e-10	1.4418156e-11
57.114228	6.4153019e-06	1.7377795e-08	8.0826383e-11	1.6146805e-08	2.3834787e-10
57.61523	1.0044333e-05	9.1745477e-11	2.7475799e-10	2.7006234e-10	2.8805831e-10
58.116232	1.8019763e-07	4.5472517e-10	3.6054422e-10	9.3868998e-10	2.0309581e-10
58.617234	3.3834461e-06	2.4356643e-10	2.8367962e-11	6.0643851e-10	8.3015229e-10
59.118236	2.6549114e-05	6.3246186e-10	6.9757681e-11	5.8385277e-10	3.2034934e-10
59.619238	2.1559611e-05	8.3473587e-10	1.2376645e-10	2.8543929e-10	1.4713925e-10
60.12024	7.8978307e-06	9.7523326e-10	1.471594e-10	5.356097e-10	1.3955627e-10
60.621242	1.5867541e-05	5.5409788e-10	4.2508515e-11	9.0078244e-10	2.0990377e-10
61.122244	9.2120352e-05	5.3150531e-09	4.4564943e-11	2.0436615e-10	8.9975112e-11
61.623246	8.6495177e-05	1.5970406e-09	1.1872638e-10	1.1125115e-11	2.0662424e-10
62.124248	6.5431014e-05	6.7128427e-10	8.3160709e-11	1.9219738e-10	3.8727027e-11
62.625251	1.4312331e-05	9.6181737e-10	6.1470968e-11	1.6590183e-10	7.1719025e-11
63.126253	1.384287e-06	1.0571185e-09	1.532783e-10	2.9673831e-10	1.1780959e-11
63.627255	5.1890818e-06	1.4828844e-09	7.6311283e-11	2.7922378e-10	7.6693175e-11
64.128257	1.2303001e-05	1.34354e-09	5.6323464e-11	3.0895499e-10	1.132882e-10
64.629259	7.8885885e-06	3.7717281e-10	1.4975806e-10	2.7042767e-10	2.3528922e-11
65.130261	4.4052057e-06	2.0784509e-09	7.4549211e-11	4.7379658e-10	1.5838031e-10
65.631263	5.344308e-06	2.9158025e-10	1.1431283e-10	3.3946637e-10	1.7269813e-10
66.132265	5.5992046e-05	7.5264032e-10	2.8207561e-11	1.8494351e-11	8.1583572e-11
66.633267	1.8929563e-06	6.2087708e-10	7.3587569e-11	9.4557921e-11	7.7275574e-11
67.134269	9.644813e-06	1.9937897e-11	1.6553083e-10	1.3850904e-10	2.5260437e-10
67.635271	7.0376507e-05	3.4501897e-10	1.4408659e-10	1.7339278e-10	2.3502033e-10
68.136273	0.00012558575	4.9452377e-10	7.3916087e-12	2.6870856e-10	6.6519201e-11
68.637275	0.00014813328	6.0514357e-10	3.7854901e-11	1.753307e-10	9.615199e-11
69.138277	0.00012931422	6.8519365e-10	1.2580637e-11	1.9224028e-10	3.3197985e-11
69.639279	5.2473346e-05	7.5967538e-10	1.5363695e-11	1.7442924e-10	2.0632038e-11
70.140281	0.00010049802	7.0418525e-10	3.8783093e-11	1.8937802e-10	9.7271107e-12
70.641283	0.00033742768	8.344854e-10	3.5163946e-11	1.9281345e-10	9.4732322e-12
71.142285	0.00062385184	1.0183802e-09	3.6936672e-12	1.8470099e-10	3.1288171e-11
71.643287	0.00079578871	1.1683358e-09	1.061396e-10	3.6149778e-10	7.0471795e-11
72.144289	0.00041762816	1.7113259e-09	3.3475221e-11	3.2962948e-10	7.6111875e-11
72.645291	0.0008117932	1.7428045e-09	1.2591869e-10	5.4897152e-10	1.0274821e-10
73.146293	0.0014354079	8.6962122e-10	1.8969459e-10	4.8778355e-10	2.0508354e-10
73.647295	0.00095951169	3.7884685e-10	9.7291668e-12	1.4596655e-10	1.4182512e-11
74.148297	0.00059192379	5.9291007e-12	8.0440117e-11	1.7707393e-10	9.5801471e-11
74.649299	0.00049212405	4.5359001e-11	1.0327501e-10	1.840462e-10	1.1334696e-10
75.150301	0.00048576838	1.9314872e-11	7.7905388e-13	8.1124633e-11	1.1552652e-11
75.651303	0.00047038224	2.6112916e-11	2.6963954e-11	5.7280008e-11	1.1564188e-11
76.152305	0.0004052719	2.9309842e-11	3.3094804e-11	5.7846469e-11	1.0508304e-11
76.653307	0.00027278732	1.0337724e-10	1.4079036e-10	3.9215476e-11	1.0936453e-10
77.154309	6.1585472e-05	4.4477619e-11	1.0499893e-10	1.1922998e-11	6.418369e-11
77.655311	0.00022851791	7.3808435e-11	1.5088524e-10	1.6303984e-11	1.0118866e-10
78.156313	0.00054324963	7.3996575e-11	1.2008322e-10	3.0672534e-11	6.5141271e-11
78.657315	0.00067466279	2.4786794e-10	2.097202e-10	5.6608502e-11	1.5974515e-10
79.158317	0.00037303697	2.1891809e-10	2.2748436e-11	1.075373e-10	5.8967823e-12
79.659319	9.2456458e-05	3.123448e-10	5.5738168e-11	4.7128869e-11	5.5738888e-11
80.160321	0.00018120229	2.1304201e-10	2.9558441e-13	6.695403e-11	2.1012542e-11
80.661323	9.970967e-05	1.0851862e-10	9.4163383e-11	9.9953456e-11	6.3233713e-11
81.162325	4.6304728e-05	1.5116594e-10	6.3792686e-11	9.9727599e-12	2.6944622e-11
81.663327	6.8210922e-06	1.8058866e-10	3.8433381e-11	2.7227385e-11	1.5917502e-12
82.164329	0.00011813913	2.3073948e-10	1.4178532e-11	2.4971034e-11	5.0737092e-11
82.665331	6.8839831e-05	2.2112149e-10	1.5782941e-11	3.501003e-11	4.2208254e-11
83.166333	6.0038245e-05	1.9900437e-10	4.2185506e-11	1.565173e-11	5.6472295e-11
83.667335	0.00013718872	1.4460572e-10	4.1742791e-12	2.942424e-11	6.01286e-13
84.168337	0.00015352674	1.1033894e-10	1.2682794e-11	1.2046017e-12	1.89527e-11
84.669339	0.00014107718	1.730014e-10	8.1374983e-11	1.264791e-10	6.5014067e-11
85.170341	0.00012287144	1.2366537e-10	7.8472634e-11	1.4530836e-10	5.1331302e-11
85.671343	0.00010914444	5.4080959e-11	6.0177484e-11	1.4282569e-10	2.2240981e-11
86.172345	0.00010176885	2.5926825e-11	1.2131741e-11	1.0777853e-10	3.6727812e-11
86.673347	9.7001733e-05	5.7853511e-11	2.0426132e-11	1.3091859e-10	3.8287462e-11
87.174349	8.6765272e-05	3.186713e-11	1.0576187e-10	2.3384186e-10	4.0454226e-11
87.675351	6.0485536e-05	2.5680648e-11	5.6826966e-11	2.0488524e-10	6.0524807e-12
88.176353	1.105095e-05	7.3951261e-12	6.9810639e-11	2.3344703e-10	2.5246761e-11
88.677355	5.2530658e-05	6.365033e-12	1.7760647e-11	1.7930821e-10	1.1392927e-11
89.178357	0.00010077587	1.6820922e-11	2.2830247e-11	1.5643075e-10	6.4102348e-11
89.679359	0.00011170612	3.8934443e-11	1.3411103e-11	7.3881445e-11	6.5207933e-11
90.180361	9.3350235e-05	5.2813194e-11	6.3695783e-12	4.5122257e-11	1.0283271e-10
90.681363	6.5078861e-05	1.1426795e-10	3.2860007e-11	3.4940605e-11	6.6208773e-11
91.182365	3.8972367e-05	1.2176687e-10	6.1539254e-11	1.0056637e-10	3.2165077e-11
91.683367	1.8956344e-05	1.5822441e-11	1.6137901e-11	5.1408332e-11	1.0105823e-10
92.184369	4.9080225e-06	6.1451392e-11	3.6689849e-11	1.2431032e-10	3.8639646e-11
92.685371	4.6595337e-06	3.1827041e-11	2.1525276e-11	1.2266589e-10	4.4730237e-11
93.186373	1.1446369e-05	5.1870651e-11	5.9798791e-11	1.6833319e-10	1.6793024e-12
93.687375	1.6963369e-05	1.5411522e-11	2.5487191e-11	1.3223332e-10	2.5651896e-11
94.188377	2.2416692e-05	2.4369167e-12	3.1257183e-11	1.3079988e-10	1.4088359e-11
94.689379	2.868157e-05	2.0013994e-11	1.5600354e-11	1.0411847e-10	2.5326085e-11
95.190381	3.628102e-05	1.702258e-11	2.3553926e-11	9.4953438e-11	1.419526e-11
95.691383	4.5332538e-05	2.3633432e-11	6.3699222e-12	5.7232913e-11	2.9199502e-11
96.192385	5.544555e-05	2.7712202e-11	1.0321742e-11	3.6690126e-11	2.4600366e-11
96.693387	6.5586214e-05	1.4994111e-11	4.1093496e-11	4.0986006e-11	6.2106207e-12
97.194389	7.4004873e-05	8.8016997e-12	2.6506261e-11	1.9532328e-12	9.5492999e-12
97.695391	7.8473355e-05	3.5540364e-11	4.8525396e-11	7.6644591e-12	1.0923883e-11
98.196393	7.718917e-05	5.867911e-14	3.8061199e-11	4.5480619e-11	1.5424809e-12
98.697395	7.0291157e-05	1.5330139e-11	4.9416445e-12	1.0196089e-10	3.6294543e-11
99.198397	6.0642568e-05	1.2688521e-12	1.7788801e-11	1.0593813e-10	2.4772442e-11
99.699399	5.2178992e-05	1.461541e-11	4.5252576e-11	8.4611823e-11	4.2084031e-12
100.2004	4.6971864e-05	1.8887296e-11	2.8226635e-11	1.0270584e-10	9.1693776e-12
100.7014	4.3557668e-05	4.6342023e-11	4.8034871e-11	8.1236098e-11	1.7621607e-11
101.2024	3.728541e-05	2.4616159e-11	2.5991007e-12	1.1929268e-10	1.6773186e-11
101.70341	2.4744684e-05	4.3789557e-11	7.5327737e-12	9.6418915e-11	1.7268778e-12
102.20441	1.0366782e-05	1.1412519e-10	2.1158051e-11	5.4151081e-11	2.8790973e-11
102.70541	4.2631869e-06	2.1981111e-10	1.5159773e-11	5.7361387e-11	2.3759038e-12
103.20641	9.4816678e-06	1.8174803e-10	7.7265704e-12	6.427482e-12	3.0401102e-11
103.70741	1.5039494e-05	2.1044776e-10	4.6793171e-12	1.7660991e-12	1.8833868e-11
104.20842	5.0917621e-06	1.8657025e-10	3.2073227e-11	4.2688327e-11	5.5041505e-11
104.70942	2.4935815e-05	1.7462805e-10	3.1263505e-12	8.6930432e-12	1.9788492e-11
105.21042	6.1056332e-05	1.1544162e-10	1.5420423e-11	7.1773714e-12	8.1673943e-12
105.71142	8.0238134e-05	2.8526435e-11	1.6012839e-11	1.8358782e-11	4.131503e-11
106.21242	6.9466975e-05	8.9270524e-11	4.7572013e-12	9.5041432e-12	2.191643e-11
106.71343	3.5584274e-05	1.5193557e-10	4.7380598e-12	5.5050327e-12	3.2400636e-11
107.21443	3.4473606e-06	3.0377708e-12	2.1929388e-11	9.4410189e-12	5.0002374e-11
107.71543	3.3661659e-05	4.0759005e-11	9.2958464e-12	2.7597075e-12	3.6341543e-11
108.21643	5.1981097e-05	3.3631824e-11	1.2234226e-11	3.3735069e-12	3.7593629e-11
108.71743	6.3653159e-05	2.5102503e-11	1.3634722e-11	1.8437041e-11	9.8644263e-12
109.21844	7.5581016e-05	1.350977e-11	1.8671824e-11	2.0239864e-11	2.7349007e-12
109.71944	8.9729359e-05	3.8351744e-11	5.5249599e-13	1.1128142e-12	2.1066071e-11
110.22044	9.9927689e-05	2.0469733e-11	5.6820068e-12	8.2947421e-12	2.8458808e-11
110.72144	9.5170303e-05	2.2816069e-11	4.7926066e-12	1.4166433e-12	2.183506e-11
111.22244	6.8522847e-05	6.4792961e-11	5.7042364e-13	4.7910171e-12	3.2766142e-11
111.72345	2.4139621e-05	3.8376542e-11	2.3109679e-11	1.6393481e-11	1.6120298e-11
112.22445	2.4769298e-05	1.1128381e-11	1.6350885e-11	2.6231078e-11	6.174579e-11
112.72545	6.4524677e-05	7.4555897e-11	8.3160142e-12	3.8234985e-12	4.0390378e-11
113.22645	8.7631637e-05	7.2676678e-11	1.2562146e-11	2.0191212e-12	3.7478237e-11
113.72745	9.3573917e-05	1.2080821e-10	4.7769492e-11	3.2047498e-11	4.8349083e-13
114.22846	8.6051906e-05	8.6517176e-11	2.6449233e-11	8.8033214e-12	1.9688754e-11
114.72946	7.000706e-05	9.8912563e-11	1.5978825e-11	3.0889636e-12	2.6866268e-11
115.23046	4.986309e-05	9.6252982e-11	2.71541e-11	6.7147208e-12	1.1906859e-11
115.73146	2.8908531e-05	7.8911543e-11	1.6998808e-11	4.0299834e-12	1.7807408e-11
116.23246	9.3248493e-06	1.1352751e-10	1.3501807e-11	7.5786007e-12	1.7156455e-11
116.73347	7.5295201e-06	9.4522579e-11	2.9599586e-13	2.0043273e-11	2.7047928e-11
117.23447	2.078101e-05	1.1424846e-10	7.6083331e-12	8.909197e-12	1.5478189e-11
117.73547	2.9726144e-05	7.7476544e-11	5.467629e-12	1.5912004e-11	2.5009989e-11
118.23647	3.3572141e-05	5.9323349e-11	8.6738181e-13	1.5558077e-12	1.7036257e-11
118.73747	3.128258e-05	5.8832737e-11	3.6592355e-12	8.810597e-12	1.6668838e-11
119.23848	2.1658028e-05	1.1695898e-11	1.3138807e-11	1.5661786e-11	2.3333559e-11
119.73948	3.8898432e-06	4.2579291e-11	5.0163626e-12	3.9041936e-11	1.3888892e-11
120.24048	2.1195242e-05	7.1730027e-12	1.5144775e-11	3.8958309e-11	2.4160198e-11
120.74148	4.9508945e-05	7.4280393e-11	4.4410687e-11	9.3589472e-12	5.5019168e-11
121.24248	7.3198383e-05	1.2915512e-10	1.9439864e-11	2.087159e-11	3.2528828e-11
121.74349	8.3277864e-05	1.4424788e-10	2.2273211e-11	6.2800817e-12	3.8346977e-11
122.24449	7.4779139e-05	2.3491548e-10	1.0872962e-11	2.0827727e-11	2.8828062e-11
122.74549	4.9895951e-05	1.5118018e-10	1.6687102e-11	4.5291515e-11	3.4973188e-11
123.24649	1.5955956e-05	2.9742483e-10	7.4802744e-12	4.3960866e-11	2.5679387e-11
123.74749	1.9261352e-05	2.3403672e-10	1.6240827e-11	5.033529e-11	3.3077153e-11
124.2485	5.0664951e-05	2.4735621e-10	1.5090676e-11	4.1785686e-11	3.0146731e-11
124.7495	7.6307965e-05	1.9912573e-10	1.6827151e-11	3.3954281e-11	2.9180233e-11
125.2505	9.640817e-05	1.8742056e-10	2.6204006e-11	3.6327473e-11	3.5251024e-11
125.7515	0.00011222482	1.3379234e-10	2.6189753e-11	3.3448351e-11	3.1959212e-11
126.25251	0.00012530914	5.9909307e-11	2.3571291e-11	3.2905185e-11	2.5680941e-11
126.75351	0.00013712472	3.9945769e-11	1.4879629e-11	2.9515639e-11	1.4220724e-11
127.25451	0.000148837	2.1100143e-12	2.5983517e-11	4.4572247e-11	2.2346846e-11
127.75551	0.00016099475	2.912299e-11	3.1780196e-11	4.9282079e-11	2.5608736e-11
128.25651	0.00017279904	8.4362306e-13	2.1325746e-11	2.8814248e-11	1.2997768e-11
128.75752	0.00018085859	2.2374445e-11	2.8978104e-11	1.5534196e-11	1.8279132e-11
129.25852	0.00017809322	4.1482572e-11	2.8491187e-11	1.0563365e-11	1.5846076e-11
129.75952	0.00015463637	9.8930377e-11	1.6802182e-11	4.290459e-11	2.3081992e-12
130.26052	0.00010265718	1.1595729e-10	7.9065414e-12	5.5721211e-11	7.0099065e-12
130.76152	2.3783213e-05	1.0551589e-10	2.7212226e-11	2.1644752e-11	1.260764e-11
131.26253	6.725607e-05	1.1061391e-10	5.8957486e-12	1.9194268e-11	7.2798239e-12
131.76353	0.00014877639	1.081976e-10	1.441285e-12	1.0665059e-11	1.2475254e-11
132.26453	0.0002048221	1.2732787e-10	8.4155538e-12	2.2081885e-12	6.5603967e-15
132.76553	0.00023336202	2.0600247e-10	1.1518116e-12	2.4241745e-11	4.9311033e-12
133.26653	0.00024385672	1.6586195e-10	1.6492218e-11	2.4855721e-11	1.2249289e-11
133.76754	0.00024878958	1.7475365e-10	1.1301596e-11	3.7746567e-11	8.3373216e-12
134.26854	0.00025687774	2.1745359e-10	8.0222084e-12	4.0040853e-11	5.2033745e-12
134.76954	0.0002710258	1.9597099e-10	8.0788716e-12	4.9650825e-11	1.0722526e-11
135.27054	0.00028970133	2.4107421e-10	6.5029431e-12	4.0483114e-11	9.3918017e-12
135.77154	0.00030951218	2.0958424e-10	5.3461973e-12	2.2162163e-11	2.1111072e-12
136.27255	0.0003275565	2.3743595e-10	8.8354722e-12	3.1824367e-11	1.3086328e-11
136.77355	0.00034287977	3.0112041e-10	1.2568708e-11	7.0881677e-12	7.5469377e-12
137.27455	0.00035685744	1.8971903e-10	9.4568816e-13	1.6775282e-11	4.375804e-12
137.77555	0.00037268737	2.3489219e-10	8.0272286e-12	9.3024206e-12	3.0823101e-12
138.27655	0.00039438892	3.0258666e-10	8.5246529e-12	1.1711768e-11	5.0809751e-12
138.77756	0.00042570973	2.3366497e-10	2.3390407e-12	3.0167773e-11	4.3016339e-12
139.27856	0.00046919394	2.1229128e-10	4.9788138e-12	3.7020388e-11	4.2515369e-12
139.77956	0.0005255001	2.9379579e-10	5.5203342e-12	5.5555881e-11	4.8556462e-12
140.28056	0.00059295505	2.7883178e-10	1.7357905e-12	8.008761e-11	2.4894398e-13
140.78156	0.00066730281	2.6835476e-10	5.0239861e-12	9.971212e-11	9.7949673e-12
141.28257	0.00074163251	1.8039253e-10	7.6498728e-12	8.3795591e-11	1.9126886e-13
141.78357	0.00080651673	1.8246801e-10	1.2270208e-11	5.8872444e-11	1.3785883e-12
142.28457	0.00085044078	1.6679949e-10	1.8048485e-11	1.623608e-11	4.9751926e-12
142.78557	0.00086063754	2.8057526e-10	1.5681457e-11	2.970541e-11	1.6548625e-12
143.28657	0.00082444265	2.2728885e-10	1.7612791e-11	8.3536693e-11	3.2319691e-12
143.78758	0.00073122324	2.5110162e-10	2.7170755e-11	1.4452031e-10	1.2805633e-11
144.28858	0.00057478732	2.5693044e-10	2.1977893e-11	1.8102446e-10	7.6051029e-12
144.78958	0.00035594536	2.7772267e-10	1.7124923e-11	2.0246476e-10	2.2281815e-12
145.29058	8.4617724e-05	2.542239e-10	1.6129312e-11	2.0621273e-10	6.6255556e-13
145.79158	0.00021932215	2.0551058e-10	1.8922872e-11	1.9815725e-10	4.2268757e-12
146.29259	0.00052725488	1.7379866e-10	5.3358455e-12	1.568089e-10	9.2008574e-12
146.79359	0.00080547962	1.7480283e-10	1.9910991e-11	1.3497782e-10	7.2467685e-12
147.29459	0.0010210101	1.5645879e-10	1.5874587e-11	9.297561e-11	3.8616262e-12
147.79559	0.0011482668	1.258106e-10	7.5578767e-12	5.5342009e-11	2.3132425e-12
148.29659	0.0011747185	1.4296205e-10	2.4997143e-12	2.7805207e-11	1.04878e-11
148.7976	0.0011034979	1.0545362e-10	1.1297379e-11	3.7072716e-11	4.3835886e-12
149.2986	0.00095196631	1.0986405e-10	1.4857492e-12	3.1242191e-11	7.3516912e-12
149.7996	0.0007468148	5.387223e-11	6.9357897e-12	5.1505264e-11	1.8968789e-13
150.3006	0.00051764193	5.8049366e-11	8.9602525e-12	6.9549001e-11	3.1294029e-12
150.8016	0.00029120905	3.6341747e-11	4.6255878e-12	6.6637914e-11	1.1721613e-11
151.30261	8.7768939e-05	2.1467376e-11	1.4058255e-12	7.966359e-11	6.2190874e-12
151.80361	8.0288999e-05	7.0842884e-12	6.1159863e-12	8.6639909e-11	4.7534029e-13
152.30461	0.00020802792	9.8482596e-12	1.6330152e-12	7.594261e-11	7.21055e-12
152.80561	0.00029657009	2.4073833e-11	2.2441596e-12	7.4966948e-11	9.5247083e-13
153.30661	0.00035135972	1.4508044e-11	6.2121897e-12	5.9474651e-11	6.9077451e-12
153.80762	0.00038046252	4.086296e-11	1.2001469e-12	5.892837e-11	2.7742945e-12
154.30862	0.00039306666	4.4395031e-11	3.5238887e-12	4.632798e-11	4.1139409e-13
154.80962	0.00039822388	8.8104224e-11	8.2716618e-12	3.2437027e-11	3.8095094e-12
155.31062	0.00040381618	5.2341988e-11	1.1346325e-11	2.1712965e-11	5.2437513e-12
155.81162	0.00041572806	3.9432549e-11	7.4262251e-12	1.9060633e-11	1.9688325e-13
156.31263	0.00043722061	4.6238878e-11	3.5410143e-12	1.566602e-11	4.4227573e-12
156.81363	0.00046853005	1.9606406e-11	7.7870187e-12	5.5763978e-12	1.0908682e-12
157.31463	0.00050673807	2.5609632e-11	1.0397878e-11	1.3433079e-12	5.6340245e-13
157.81563	0.00054597836	4.6591814e-11	1.3363347e-11	7.8366587e-12	3.8510006e-12
158.31663	0.00057804258	2.1319988e-12	1.1065088e-11	6.3645327e-12	1.5602595e-12
158.81764	0.00059341917	5.2327187e-12	2.4141246e-12	3.8531869e-12	7.7922996e-12
159.31864	0.00058273261	4.0368202e-11	1.6633936e-11	7.8318286e-12	7.080573e-12
159.81964	0.00053844721	8.8388657e-13	1.3590626e-11	1.7094308e-12	4.2976993e-12
160.32064	0.00045657602	2.2571674e-11	3.5001928e-12	1.8074518e-11	1.2957497e-11
160.82164	0.00033803022	2.0271005e-11	5.1516642e-12	1.9036547e-11	1.387121e-11
161.32265	0.00018921064	2.3145274e-11	6.3760847e-12	4.6116026e-12	2.3546965e-12
161.82365	2.1531195e-05	1.8231354e-11	8.5989897e-12	3.4573096e-12	8.6329167e-14
162.32465	0.00015020959	1.8040087e-11	6.227042e-12	7.9669245e-12	2.2276853e-12
162.82565	0.00031037306	2.4887079e-13	9.7287888e-12	1.7372278e-11	1.7212817e-12
163.32665	0.00044539355	1.8120528e-11	7.8753723e-12	1.5477988e-11	2.2892314e-12
163.82766	0.00054633266	5.2122615e-11	8.2582507e-13	2.0193173e-12	1.3011303e-11
164.32866	0.00061038605	9.4598492e-12	2.09233e-11	1.5210419e-11	6.9717866e-12
164.82966	0.00064092035	4.9654601e-12	1.519603e-12	1.0703412e-11	1.0032667e-11
165.33066	0.00064602912	2.6309163e-12	1.3203989e-11	4.5577137e-12	3.9503986e-12
165.83166	0.00063600997	5.7352086e-11	4.6237263e-12	1.2857479e-11	9.6464061e-13
166.33267	0.0006204491	4.7550171e-11	2.5807658e-12	1.4240183e-11	4.4135887e-12
166.83367	0.00060566387	4.0736836e-12	1.317132e-12	1.9856374e-12	8.7734349e-13
167.33467	0.00059311367	1.1663334e-11	2.7153603e-12	3.867125e-12	1.858877e-12
167.83567	0.00057911352	1.7397137e-11	5.7148646e-12	1.0936249e-11	1.5682678e-12
168.33667	0.00055587731	2.021634e-11	8.4698922e-12	1.1018647e-11	3.1494916e-12
168.83768	0.00051364412	3.1254704e-11	4.0529462e-12	1.3327816e-11	3.3295006e-12
169.33868	0.00044342265	6.1887751e-11	1.0307359e-11	1.3100497e-12	3.7171963e-13
169.83968	0.000339731	1.1901692e-10	7.4724034e-12	5.0280124e-12	2.8366663e-12
170.34068	0.00020264722	6.9691487e-11	7.9796298e-12	1.3286453e-11	2.1329841e-12
170.84168	3.8584327e-05	7.3735139e-11	6.7211206e-12	1.5586566e-11	3.0663942e-12
171.34269	0.00014050718	3.7132358e-11	3.9092326e-12	1.138186e-11	6.5194012e-12
171.84369	0.00031937886	1.4239562e-12	6.6536048e-12	1.1752323e-11	3.0091781e-12
172.34469	0.00048261306	2.5342747e-11	1.1290173e-11	1.2420931e-11	9.7365245e-13
172.84569	0.0006178258	5.1505132e-12	1.0120481e-11	1.0170056e-11	3.5439157e-13
173.34669	0.00071811929	6.9426021e-11	1.855443e-12	9.7767232e-13	9.2477141e-12
173.8477	0.00078319242	7.5567819e-11	1.4105026e-13	2.5866672e-12	9.8349282e-12
174.3487	0.00081889739	1.2270688e-10	1.1093857e-12	6.3387388e-12	8.575091e-12
174.8497	0.00083543068	1.1537685e-10	9.7086355e-12	1.5752736e-11	5.9433075e-13
175.3507	0.00084465525	1.8361716e-10	2.7959292e-12	9.4208389e-12	7.1742163e-12
175.8517	0.00085720957	1.033604e-10	4.2559635e-12	1.1253155e-11	4.1620936e-12
176.35271	0.00088005497	6.2645039e-11	8.8525035e-12	2.5385988e-12	1.5952789e-11
176.85371	0.0009149731	4.0952066e-11	8.3716927e-13	4.5396561e-12	7.3069938e-12
177.35471	0.00095829043	1.7230574e-11	1.3551021e-12	2.6466273e-12	8.6737825e-12
177.85571	0.0010018273	5.1604487e-11	8.635076e-12	1.1393201e-11	7.3632957e-14
178.35671	0.0010347984	3.3343698e-11	4.0873366e-12	1.0411968e-11	3.0408035e-12
178.85772	0.0010461889	1.8490911e-11	6.9596711e-13	8.061846e-12	7.1429697e-12
179.35872	0.0010270444	3.1896943e-11	4.986502e-12	1.6068034e-11	8.6280788e-13
179.85972	0.0009721708	6.7422411e-12	1.8072045e-12	1.1201638e-11	6.9728269e-12
180.36072	0.0008809227	1.860641e-11	3.9953641e-14	1.1692832e-11	6.5723739e-12
180.86172	0.00075701127	1.1498349e-11	5.3286289e-12	1.5730231e-11	2.0139069e-12
181.36273	0.00060750427	5.0893496e-11	1.4564382e-12	1.0453091e-11	6.1747892e-12
181.86373	0.00044135192	8.0820104e-11	2.509583e-12	5.764184e-12	9.2971043e-12
182.36473	0.00026782286	6.088655e-11	7.2173979e-12	3.0175316e-12	1.0345083e-11
182.86573	9.5180143e-05	5.3837314e-11	3.3148061e-12	4.3897163e-12	7.3302645e-12
183.36673	7.0191979e-05	7.2215506e-11	3.9125823e-12	9.5042966e-12	7.7468181e-13
183.86774	0.00022413856	8.7982791e-11	9.7392072e-13	5.7351694e-12	3.8060817e-12
184.36874	0.00036460893	6.4648074e-11	1.5873315e-12	6.253314e-12	2.679296e-12
184.86974	0.00049118345	3.5594914e-11	1.6640496e-12	2.3329676e-12	7.1775131e-12
185.37074	0.00060441347	1.2188575e-11	3.8769936e-12	1.003332e-11	4.2467848e-13
185.87174	0.0007051329	2.1537751e-14	1.2351027e-12	9.6606709e-12	2.791409e-12
186.37275	0.00079386888	2.9146281e-11	8.6606571e-13	1.8287597e-11	3.4453847e-12
186.87375	0.00087043595	5.5081923e-11	8.5386695e-12	1.4661643e-11	2.7267251e-12
187.37475	0.00093375121	4.4380468e-11	6.4223158e-12	1.7582545e-11	1.991527e-12
187.87575	0.00098186818	7.1986562e-11	5.3724817e-12	2.1021821e-11	3.5218863e-13
188.37675	0.0010121961	5.6883319e-11	2.3192113e-12	2.1220614e-11	5.8380187e-14
188.87776	0.001021853	7.2885523e-11	1.3023049e-12	1.8606275e-11	8.7353567e-13
189.37876	0.0010080941	5.9614675e-11	6.7115504e-12	1.6202855e-11	5.1233031e-13
189.87976	0.00096875515	7.5665842e-12	2.1642158e-12	1.1034232e-11	1.3557283e-12
190.38076	0.00090266086	4.1828277e-11	2.5934299e-12	2.8778157e-12	4.7497204e-12
190.88176	0.0008099524	1.1609286e-11	5.1091872e-14	5.4107225e-12	1.6079942e-12
191.38277	0.00069230262	1.3990162e-11	1.1260804e-11	4.7000369e-12	5.8882504e-12
191.88377	0.00055299375	4.1497033e-11	9.1251869e-12	1.0567564e-12	1.6957281e-12
192.38477	0.0003968439	6.582286e-11	3.8430942e-11	4.9327513e-12	2.6204186e-12
192.88577	0.00022997739	3.5206295e-11	7.4622662e-11	9.3042572e-12	4.1901639e-12
193.38677	5.9446121e-05	8.4425243e-11	1.1134098e-10	6.6195728e-12	2.4055199e-12
193.88778	0.00010727723	1.2377577e-10	1.5020907e-10	1.5874586e-11	2.9958173e-12
194.38878	0.00026289699	5.7203665e-11	1.6399311e-10	1.6797859e-11	1.9064477e-12
194.88978	0.00040092986	5.9218976e-11	1.5280118e-10	1.5027588e-11	1.053466e-13
195.39078	0.00051630966	1.6647217e-11	1.2001156e-10	1.180639e-11	1.0905058e-12
195.89178	0.00060588677	2.2713138e-12	7.9211675e-11	1.0213993e-11	1.0483881e-12
196.39279	0.00066875074	9.1235692e-12	4.0009301e-11	6.1950808e-12	1.354974e-12
196.89379	0.000706321	1.7685273e-11	1.3959896e-11	3.147239e-13	1.2626188e-12
197.39479	0.0007221795	3.1370864e-11	3.2108535e-12	3.2186528e-12	2.0941614e-12
197.89579	0.00072165439	5.2354763e-11	6.3558515e-12	6.6381992e-13	1.8557605e-12
198.39679	0.00071120132	6.426776e-11	9.4722433e-13	9.8767312e-13	1.6156201e-13
198.8978	0.00069765863	7.4247878e-11	1.3301875e-11	8.4964885e-12	4.5294694e-12
199.3988	0.00068747041	4.9827553e-11	5.5275457e-11	4.7823885e-12	2.4648225e-12
199.8998	0.00068597422	5.5591497e-11	9.4544332e-11	4.6911127e-12	4.9069062e-12
200.4008	0.00069683748	2.7165382e-11	1.2316405e-10	1.0422505e-11	6.1321933e-14
200.9018	0.00072170324	7.6413277e-12	1.4421629e-10	6.6851658e-12	2.5539046e-12
201.40281	0.00076007587	2.6753667e-11	1.3765251e-10	1.8545781e-12	4.5599629e-12
201.90381	0.00080944548	4.0645831e-11	1.0172862e-10	7.6413684e-12	5.1088878e-12
202.40481	0.00086562126	8.6381135e-11	7.0187723e-11	1.7707429e-12	4.0184821e-13
202.90581	0.00092322261	1.2369619e-10	3.3157655e-11	3.1914835e-12	1.6648658e-12
203.40681	0.0009762625	1.4685205e-10	1.2516231e-11	6.5998402e-12	8.0006996e-13
203.90782	0.0010187541	2.2398442e-10	2.9802196e-12	7.4925265e-12	1.5774299e-12
204.40882	0.0010452761	1.7090614e-10	2.3290769e-12	8.5125946e-12	1.0676365e-12
204.90982	0.0010514426	1.0738904e-10	6.9366291e-12	4.0332626e-12	5.5863665e-12
205.41082	0.0010342431	6.2573521e-11	6.9932741e-12	4.5349439e-12	4.64819e-12
205.91182	0.00099223202	2.7195919e-11	1.790138e-11	2.6238415e-12	6.1180218e-12
206.41283	0.00092556945	1.4777607e-10	2.6745128e-11	6.2635693e-12	2.2887971e-12
206.91383	0.00083592673	1.7544652e-10	4.1701581e-11	4.9340202e-12	3.5732643e-12
207.41483	0.00072628273	1.6050408e-10	5.2670988e-11	6.670248e-12	2.2425772e-12
207.91583	0.00060064157	1.577186e-10	5.4552979e-11	8.0146288e-12	1.3535658e-12
208.41683	0.00046370391	1.314853e-10	4.7882663e-11	1.2517262e-11	2.3588255e-12
208.91784	0.00032052195	1.3651933e-10	4.2307418e-11	9.8219507e-12	1.06114e-12
209.41884	0.00017616281	2.5409114e-11	3.4201878e-11	5.8012994e-12	5.8208413e-12
209.91984	3.5399977e-05	3.4966189e-11	2.3509002e-11	4.2874581e-12	7.8118879e-12
210.42084	9.7554277e-05	1.0758228e-10	1.0944239e-11	7.9357419e-12	4.63453e-12
210.92184	0.0002192671	7.9756668e-11	5.0892746e-13	9.9662456e-12	2.7324028e-12
211.42285	0.00032725027	8.6661846e-11	4.6601686e-12	5.3478884e-12	6.8948968e-12
211.92385	0.00042007132	9.5406776e-11	2.6763708e-12	4.8138524e-12	6.2554294e-12
212.42485	0.00049741165	3.3270125e-11	1.8655119e-12	4.2398218e-12	5.2072494e-12
212.92585	0.0005600737	4.0601475e-11	1.5165952e-12	2.7377639e-12	4.4266912e-12
213.42685	0.00060993941	1.0749507e-11	1.1434309e-12	1.3411072e-12	3.3272887e-12
213.92786	0.00064988272	3.1990887e-12	2.3411414e-12	3.2980408e-12	5.5743016e-12
214.42886	0.00068363864	9.8071683e-11	5.8435966e-12	1.9716382e-12	1.9136168e-12
214.92986	0.00071563179	1.6819541e-10	1.4987777e-12	7.9563157e-12	6.4832957e-12
215.43086	0.00075076835	2.2972602e-10	3.2877572e-12	6.0628382e-12	3.7723681e-12
215.93186	0.00079419592	3.5515623e-10	1.8587104e-12	7.9844679e-12	5.9907106e-12
216.43287	0.00085103824	4.2674e-10	3.6918576e-13	7.945967e-12	7.007993e-12
216.93387	0.00092611347	4.8312816e-10	5.6263165e-12	6.6834378e-12	6.83999e-12
217.43487	0.0010236472	4.4570909e-10	3.9160243e-12	4.796721e-12	6.0672641e-12
217.93587	0.0011469944	3.6298552e-10	1.5573662e-12	1.1825614e-12	2.6689399e-12
218.43687	0.0012983858	2.1744697e-10	1.9140334e-12	4.8537882e-12	5.1830126e-12
218.93788	0.0014787164	1.6199927e-10	9.3075167e-13	5.4359097e-12	3.6430098e-12
219.43888	0.0016873946	8.9599852e-12	3.135431e-12	9.6891609e-12	4.9050217e-12
219.93988	0.0019222673	4.1591225e-11	2.1077732e-12	1.313192e-11	5.2782873e-12
220.44088	0.0021796368	4.3585649e-11	5.0030163e-12	1.8078177e-11	8.3005031e-12
220.94188	0.002454378	8.7640146e-11	4.803851e-12	1.768817e-11	7.8401112e-12
221.44289	0.0027401622	1.6485007e-10	1.9559814e-12	1.4086224e-11	6.6468148e-12
221.94389	0.0030297859	3.5021501e-10	2.5732492e-12	1.0147905e-11	7.3262746e-12
222.44489	0.0033155987	4.3866396e-10	3.2731561e-13	1.8584766e-12	5.0530867e-12
222.94589	0.0035900216	4.8167892e-10	2.6300224e-12	2.3785418e-12	6.8357222e-12
223.44689	0.003846144	4.8249162e-10	1.7385269e-13	6.6975896e-12	7.225235e-12
223.9479	0.004078393	3.3751244e-10	3.7486112e-12	8.0779898e-12	7.9562808e-12
224.4489	0.0042832755	9.9566726e-11	3.0565202e-12	7.6920191e-12	7.3867328e-12
224.9499	0.0044602085	1.2182655e-10	1.2811133e-12	6.538436e-12	4.921061e-12
225.4509	0.0046124784	4.0169382e-10	8.3799999e-13	1.3679315e-12	4.9604764e-12
225.9519	0.0047484068	6.417074e-10	4.247982e-12	3.152718e-14	1.1809251e-12
226.45291	0.004882858	6.8296413e-10	4.9773253e-14	8.1692951e-12	6.0006732e-12
226.95391	0.0050393142	6.2820761e-10	2.261715e-13	9.5526861e-12	6.3653569e-12
227.45491	0.0052528908	3.8655598e-10	1.8483482e-12	5.0111536e-12	3.4915421e-12
227.95591	0.0055749075	9.2519181e-11	1.7245788e-12	5.0425852e-13	2.7104202e-12
228.45691	0.0060800492	2.9309507e-10	4.9971744e-13	8.4733629e-13	5.55675e-12
228.95792	0.0068778641	5.4876676e-10	5.130787e-13	4.5942638e-12	5.1817266e-12
229.45892	0.0081315677	7.5985261e-10	1.8897217e-12	4.5038879e-12	6.7204571e-12
229.95992	0.010089089	8.3001599e-10	2.341891e-12	3.8698845e-12	6.7427385e-12
230.46092	0.013133909	7.3413127e-10	1.2035189e-12	1.6444156e-12	6.6077934e-12
230.96192	0.017864199	4.2740673e-10	8.9055426e-13	1.9405887e-13	5.8750494e-12
231.46293	0.025195174	8.3117525e-11	8.9954484e-13	3.7084986e-13	4.3801407e-12
231.96393	0.036396878	2.5032449e-10	1.6046615e-12	1.9545186e-12	6.102666e-12
232.46493	0.052638796	5.3077713e-10	1.0217508e-13	1.7517666e-12	4.8941742e-12
232.96593	0.072683251	7.1903641e-10	6.7698494e-12	1.1616554e-11	8.9917746e-13
233.46693	0.087802813	7.8570752e-10	4.7767672e-13	1.0251544e-11	5.2968822e-12
233.96794	0.085356101	5.8794841e-10	2.6756625e-12	1.4456032e-11	5.1700182e-12
234.46894	0.068677109	5.2202799e-10	3.5757253e-12	2.1167518e-11	1.1635091e-12
234.96994	0.050294783	3.4232919e-10	2.6705557e-12	1.699723e-11	6.0317574e-12
235.47094	0.035629072	2.2730086e-10	1.2349405e-12	1.7667077e-11	4.5504833e-12
235.97194	0.024957565	2.3479818e-10	1.362807e-12	1.5942604e-11	4.8183504e-12
236.47295	0.017331357	4.3425432e-10	5.8211589e-12	1.7741647e-11	2.0258533e-12
236.97395	0.011850719	7.2749472e-10	1.2511335e-12	1.8150407e-11	1.6843467e-12
237.47495	0.0078698556	1.1663668e-09	2.6676529e-12	1.8505952e-11	2.5973375e-12
237.97595	0.004955108	1.3624498e-09	2.2608983e-12	1.9851938e-11	3.0251823e-12
238.47695	0.0028174185	1.5726289e-09	4.2029733e-13	2.0687005e-11	3.4159071e-12
238.97796	0.0012610872	1.6347713e-09	1.5347146e-13	2.0355423e-11	3.3050909e-12
239.47896	0.00015009287	1.4338132e-09	2.6605107e-12	1.9439179e-11	1.3517741e-12
239.97996	0.00061316293	1.021367e-09	4.322749e-12	1.4032431e-11	1.5715816e-12
240.48096	0.0011011752	6.1391091e-10	5.6615188e-12	3.6810673e-12	5.168889e-12
240.98196	0.0013697216	2.2046805e-10	5.962245e-12	2.3800537e-12	4.3904482e-12
241.48297	0.0014631854	1.3091918e-11	7.8033275e-12	5.1881751e-12	1.4514264e-12
241.98397	0.001417962	8.9150566e-11	1.2479868e-11	6.5539544e-12	4.1392742e-13
242.48497	0.0012646464	3.7560868e-11	1.0817959e-11	9.5042634e-12	1.6321671e-12
242.98597	0.0010294419	3.5105424e-10	1.0678908e-11	7.6443095e-12	9.077283e-13
243.48697	0.00073506208	7.4320766e-10	6.7618593e-12	6.1212883e-12	1.3336927e-12
243.98798	0.00040130428	1.0696189e-09	6.4433761e-12	4.3809276e-12	1.0551454e-12
244.48898	4.5411953e-05	1.2204562e-09	3.4939283e-12	4.4853913e-12	1.4493009e-12
244.98998	0.00031769715	1.1110592e-09	1.4092137e-14	3.4530723e-12	2.814686e-13
245.49098	0.00067528336	7.9718158e-10	3.1357913e-12	6.6801974e-12	1.7272866e-12
245.99198	0.0010166816	2.4685036e-10	5.2248356e-12	4.9645737e-12	2.9334075e-13
246.49299	0.0013332171	2.8053948e-10	7.3889671e-12	2.2168025e-12	1.5355644e-12
246.99399	0.001618123	7.1246836e-10	5.0738268e-13	5.0940671e-12	4.6841379e-12
247.49499	0.0018664488	8.1282928e-10	7.7285898e-13	1.2454742e-12	2.2119541e-12
247.99599	0.0020749534	6.3862738e-10	2.4091818e-12	5.0652218e-12	8.720075e-13
248.49699	0.0022419785	1.8758579e-10	4.5917751e-12	4.7492924e-12	6.4433235e-13
248.998	0.0023673031	3.4665918e-10	3.9595826e-12	1.6067146e-12	3.6400171e-13
249.499	0.002451979	6.8651812e-10	2.859711e-12	3.0975298e-12	1.0306732e-12
250	0.0024981527	6.5792255e-10	1.4523176e-12	5.6260862e-12	2.8979945e-12
