0	36.074333	36.061479	36.074475	36.074333	35.016123	47.198578
0.501002	36.091998	36.079338	36.091761	36.091999	35.12979	47.284203
1.002004	36.145771	36.133525	36.145313	36.145774	35.264211	47.363486
1.503006	36.23808	36.22646	36.237507	36.238085	35.423755	47.433437
2.004008	36.373293	36.362505	36.372676	36.3733	35.614275	47.490755
2.50501	36.55829	36.548528	36.557677	36.558297	35.843793	47.532194
3.006012	36.803457	36.794898	36.802881	36.803464	36.12358	47.555214
3.507014	37.12443	37.117225	37.123912	37.124435	36.469978	47.55903
4.008016	37.545258	37.539519	37.544816	37.545262	36.907591	47.546299
4.509018	38.104594	38.100372	38.104238	38.104596	37.47537	47.526168
5.01002	38.869169	38.866433	38.868909	38.86917	38.23947	47.520987
5.511022	39.968383	39.966977	39.968226	39.968384	39.325006	47.585803
6.012024	41.709967	41.709573	41.70992	41.709968	41.016756	47.886927
6.5130261	45.240734	45.240831	45.240835	45.240735	44.265566	49.262422
7.0140281	49.373764	49.373619	49.373578	49.373763	49.069652	50.138276
7.5150301	42.540519	42.539205	42.540608	42.540519	42.499191	43.944803
8.0160321	39.961517	39.95806	39.961672	39.961517	39.981012	44.079935
8.5170341	38.401066	38.394648	38.401246	38.401066	38.564175	44.086645
9.0180361	37.359426	37.349628	37.359603	37.359427	37.707084	43.953233
9.5190381	36.659681	36.646637	36.659834	36.659684	37.208012	43.748307
10.02004	36.214289	36.198678	36.214409	36.214297	36.961559	43.504356
10.521042	35.969887	35.952756	35.969973	35.9699	36.903703	43.237741
11.022044	35.890917	35.873452	35.890976	35.890937	36.994834	42.957552
11.523046	35.95491	35.938239	35.954951	35.954936	37.212846	42.669408
12.024048	36.151765	36.136845	36.1518	36.151797	37.54988	42.377493
12.52505	36.485195	36.472756	36.485231	36.485231	38.011554	42.086413
13.026052	36.977165	36.967703	36.977208	36.977202	38.619261	41.804592
13.527054	37.679129	37.672889	37.679182	37.679163	39.418039	41.554081
14.028056	38.701926	38.698874	38.701987	38.701953	40.497727	41.406689
14.529058	40.312081	40.311845	40.312144	40.312097	42.055399	41.645744
15.03006	43.409773	43.411596	43.409816	43.409777	44.630421	43.579812
15.531062	49.764508	49.762893	49.764724	49.764477	49.132939	49.988138
16.032064	42.141992	42.141771	42.142063	42.14196	45.04772	43.262715
16.533066	39.77478	39.771713	39.774795	39.774746	42.172466	41.542764
17.034068	38.94446	38.938837	38.944435	38.944437	40.603767	40.714297
17.53507	39.260219	39.254557	39.260183	39.26021	40.058236	40.35387
18.036072	40.856223	40.852803	40.856205	40.856222	41.389571	41.034671
18.537074	45.230373	45.229191	45.230399	45.230372	41.687088	45.3821
19.038076	44.935568	44.936785	44.935539	44.935569	39.059703	46.145971
19.539078	40.469905	40.47002	40.469917	40.469906	37.70858	42.668953
20.04008	38.448467	38.445967	38.448492	38.448475	36.949104	41.367198
20.541082	37.259941	37.25376	37.259968	37.259962	36.481233	40.634148
21.042084	36.52661	36.516538	36.526635	36.526649	36.198264	40.135974
21.543086	36.100201	36.086864	36.100219	36.100257	36.057412	39.762211
22.044088	35.907864	35.892501	35.907871	35.907934	36.041512	39.46901
22.54509	35.910779	35.894916	35.910771	35.910858	36.146821	39.239855
23.046092	36.091053	36.076192	36.091024	36.091133	36.379696	39.074318
23.547094	36.448982	36.436367	36.448927	36.449055	36.757756	38.987418
24.048096	37.006903	36.997375	37.006815	37.006964	37.315617	39.017339
24.549098	37.82268	37.816602	37.822554	37.822724	38.119457	39.24701
25.0501	39.028391	39.025621	39.028226	39.028417	39.306093	39.858177
25.551102	40.96366	40.963545	40.963466	40.963668	41.213894	41.284606
26.052104	44.833787	44.834945	44.833668	44.833783	44.995439	44.865336
26.553106	45.177191	45.177953	45.176897	45.177186	45.362124	45.203906
27.054108	41.041624	41.043272	41.041262	41.041619	41.300466	41.272634
27.55511	39.447913	39.452639	39.447586	39.447915	39.740288	39.808463
28.056112	40.024641	40.037379	40.024435	40.024643	40.26146	40.155119
28.557114	43.652506	43.649083	43.652432	43.652497	43.796971	43.718625
29.058116	40.020526	40.02176	40.019668	40.020498	41.228241	40.737371
29.559118	37.547218	37.535257	37.546442	37.54722	38.44564	38.917663
30.06012	36.271783	36.242975	36.271093	36.271816	36.993769	38.098588
30.561122	35.525202	35.480588	35.524614	35.525262	36.117801	37.636306
31.062124	35.088616	35.031235	35.088146	35.088693	35.565601	37.346951
31.563126	34.876148	34.810565	34.875803	34.876231	35.236807	37.167652
32.064128	34.853824	34.785744	34.853596	34.853899	35.089666	37.079274
32.56513	35.017082	34.952811	35.01695	35.017139	35.113674	37.087279
33.066132	35.390024	35.335777	35.389953	35.390059	35.325283	37.222782
33.567134	36.044472	36.005463	36.044414	36.044487	35.781852	37.563216
34.068136	37.168814	37.147751	37.168702	37.168817	36.638203	38.305696
34.569138	39.348449	39.342528	39.348213	39.348449	38.388792	40.068634
35.07014	43.34393	43.352315	43.344101	43.343912	42.602687	43.583746
35.571142	39.790562	39.781834	39.790562	39.79056	39.682255	39.800045
36.072144	40.760558	40.765236	40.760692	40.760562	40.66748	40.767691
36.573146	42.401191	42.397232	42.401289	42.401202	42.555072	42.408344
37.074148	38.557319	38.521682	38.557448	38.557344	38.689785	38.773789
37.57515	36.804197	36.673176	36.804115	36.804161	36.940556	37.300659
38.076152	36.394905	36.18856	36.394272	36.394806	36.588295	36.999753
38.577154	37.189095	37.040198	37.187356	37.189018	37.413284	37.64452
39.078156	39.712394	39.937058	39.709654	39.712392	39.839709	39.867075
39.579158	42.675167	42.331242	42.669824	42.675164	43.020975	42.720756
40.08016	39.076119	37.436568	39.080437	39.075735	38.309152	39.618986
40.581162	35.958319	35.121426	35.956252	35.958234	36.433064	35.976577
41.082164	34.430862	33.79375	34.423499	34.429552	34.645467	34.637974
41.583166	33.789786	33.070056	33.78044	33.787088	34.054833	34.079876
42.084168	33.946581	32.941492	33.940233	33.94451	34.186779	34.082472
42.58517	35.356083	33.739676	35.355724	35.35524	35.177186	35.380013
43.086172	38.822019	37.013092	38.646015	38.936224	37.905291	41.261123
43.587174	38.464529	37.340471	38.229125	38.459387	39.678375	38.878959
44.088176	37.763542	32.2457	36.239172	35.646357	36.919316	37.88612
44.589178	34.211793	30.238422	34.010463	34.194142	34.974347	34.271486
45.09018	36.992838	29.266255	35.861254	34.19578	37.365081	34.163464
45.591182	35.180091	28.788773	36.700073	35.529809	37.053848	35.333682
46.092184	36.999964	28.576284	32.584913	32.375702	32.597641	32.142574
46.593186	32.216972	28.517475	30.379464	31.179426	35.082287	31.155813
47.094188	32.535541	28.553845	31.629407	31.298452	28.870626	29.676122
47.59519	31.795893	28.652564	27.972178	33.089141	27.274875	28.964127
48.096192	24.903472	28.794338	25.757131	25.203596	26.213942	26.403224
48.597194	26.575992	28.967591	26.713343	26.576792	26.493334	26.511703
49.098196	27.428054	29.165471	27.472911	27.434786	27.333316	27.429607
49.599198	28.062229	29.384231	28.080954	28.067987	28.391132	28.25841
50.1002	28.594511	29.622323	28.6028	28.598248	29.630897	28.908559
50.601202	29.072397	29.87994	29.075754	29.074604	31.195929	29.43357
51.102204	29.522019	30.158839	29.522958	29.523232	33.462076	29.883707
51.603206	29.961092	30.462425	29.961017	29.961684	37.717955	30.295094
52.104208	30.40415	30.796128	30.403984	30.404355	39.949725	30.69451
52.60521	30.865565	31.168211	30.865993	30.865532	35.552333	31.104354
53.106212	31.362279	31.591358	31.363853	31.362105	34.039223	31.546931
53.607214	31.917659	32.085894	31.920843	31.917414	33.49783	32.049368
54.108216	32.568989	32.686885	32.574203	32.568732	33.494006	32.651904
54.609218	33.385859	33.462296	33.393561	33.385648	33.89955	33.42708
55.11022	34.528396	34.571085	34.539321	34.528295	34.763472	34.53931
55.611222	36.522149	36.538201	36.538323	36.522146	36.492241	36.522269
56.112224	43.823622	43.822672	43.887472	43.819798	42.677457	43.919964
56.613226	39.905872	39.907043	39.918891	39.906056	39.706655	39.917799
57.114228	46.857217	46.857751	46.680023	46.862178	44.271732	47.276505
57.61523	38.52439	38.525492	38.52394	38.52439	38.550411	38.524378
58.116232	39.796707	39.796938	39.794095	39.796672	39.825213	39.792839
58.617234	43.845916	43.847364	43.845773	43.845917	43.831263	43.846009
59.118236	38.818049	38.818118	38.817554	38.818127	38.813211	38.835102
59.619238	37.824496	37.829074	37.824515	37.824541	37.897312	37.850996
60.12024	39.656229	39.659132	39.656438	39.656191	39.770535	39.667022
60.621242	41.289475	41.291398	41.289511	41.289475	41.299454	41.289506
61.122244	40.418637	40.436383	40.418734	40.418545	40.342376	40.437563
61.623246	39.563887	39.549919	39.563895	39.563887	39.554491	39.563893
62.124248	37.480383	37.458453	37.480527	37.480393	37.344136	37.479552
62.625251	36.80061	36.763399	36.800752	36.800649	36.68338	36.795529
63.126253	36.927122	36.883997	36.927231	36.927167	36.827439	36.918881
63.627255	37.639603	37.607849	37.639671	37.639634	37.558888	37.631503
64.128257	38.947256	38.940508	38.947282	38.947268	38.912579	38.943165
64.629259	40.837997	40.846681	40.837997	40.837997	40.838526	40.837996
65.130261	41.40597	41.41153	41.405987	41.405982	41.126926	41.406772
65.631263	40.138611	40.065367	40.138612	40.138617	39.880156	40.150067
66.132265	40.22055	40.03055	40.220532	40.220549	40.05158	40.227255
66.633267	41.18368	41.318113	41.183679	41.18368	41.177816	41.183686
67.134269	40.530867	40.798116	40.530855	40.530866	40.516675	40.535459
67.635271	38.958378	38.964998	38.958332	38.958378	38.743872	38.968373
68.136273	37.695749	37.579975	37.695694	37.695748	37.429765	37.710517
68.637275	36.785769	36.610836	36.785724	36.785764	36.691511	36.80473
69.138277	36.137572	35.911546	36.137547	36.137562	36.634412	36.159668
69.639279	35.693411	35.394986	35.693409	35.693394	37.612471	35.717213
70.140281	35.428118	35.010972	35.428138	35.428098	40.294974	35.45195
70.641283	35.342503	34.729067	35.342535	35.342483	43.288241	35.364491
71.142285	35.461085	34.529795	35.461114	35.461072	40.084068	35.479159
71.643287	35.822561	34.400168	35.822581	35.822559	38.299139	35.834539
72.144289	36.411174	34.331308	36.411229	36.411179	37.409727	36.415696
72.645291	36.922311	34.317134	36.92253	36.922311	36.968255	36.922346
73.146293	36.790982	34.353626	36.791336	36.790992	36.792467	36.793203
73.647295	36.197694	34.438416	36.19799	36.197714	36.781171	36.201967
74.148297	35.691912	34.57059	35.69211	35.69193	36.847123	35.695897
74.649299	35.429231	34.750643	35.429358	35.429243	36.896576	35.432229
75.150301	35.378751	34.980549	35.378829	35.378763	36.861386	35.380826
75.651303	35.49215	35.263947	35.492192	35.492169	36.758307	35.493566
76.152305	35.737752	35.606418	35.737767	35.737779	36.679895	35.738788
76.653307	36.099808	36.015797	36.099808	36.099838	36.717985	36.100672
77.154309	36.573024	36.502213	36.573028	36.573049	36.921403	36.573797
77.655311	37.155791	37.076839	37.155816	37.155804	37.304954	37.156393
78.156313	37.836808	37.745782	37.836855	37.83681	37.864299	37.837076
78.657315	38.562492	38.487964	38.562506	38.562492	38.558876	38.562498
79.158317	39.183113	39.192544	39.183023	39.183112	39.222246	39.183181
79.659319	39.462679	39.579739	39.462611	39.462679	39.480455	39.462682
80.160321	39.279028	39.401547	39.279122	39.279024	39.191522	39.27906
80.661323	38.831471	38.885581	38.83151	38.831455	38.804165	38.832221
81.162325	38.4392	38.455889	38.438958	38.439179	38.60677	38.442777
81.663327	38.233376	38.240884	38.232883	38.233385	38.471929	38.238854
82.164329	38.091139	38.067642	38.090748	38.091161	38.215495	38.09395
82.665331	37.805266	37.75194	37.80531	37.805267	37.814825	37.805344
83.166333	37.345449	37.296006	37.345849	37.345466	37.351792	37.34624
83.667335	36.833748	36.802541	36.834243	36.83381	36.906589	36.835193
84.168337	36.376479	36.355799	36.376904	36.376562	36.527941	36.375726
84.669339	36.02328	36.001832	36.023571	36.023335	36.244678	36.017647
85.170341	35.792423	35.765705	35.792574	35.79241	36.081755	35.780751
85.671343	35.690738	35.664641	35.690764	35.690639	36.075265	35.673703
86.172345	35.720587	35.712181	35.720512	35.720409	36.296475	35.700562
86.673347	35.878941	35.915001	35.878799	35.878718	36.920163	35.859472
87.174349	36.15064	36.261667	36.150475	36.150424	38.488065	36.135424
87.675351	36.495188	36.699594	36.495054	36.495032	41.213883	36.486552
88.176353	36.82941	37.103098	36.829359	36.829345	37.858394	36.826757
88.677355	37.027289	37.28189	37.027331	37.027286	36.99716	37.027205
89.178357	36.979568	37.115739	36.979643	36.979543	37.362606	36.979322
89.679359	36.685043	36.681563	36.685066	36.684919	37.788386	36.685695
90.180361	36.243425	36.14703	36.243359	36.243178	37.727697	36.247789
90.681363	35.762823	35.628378	35.762676	35.762461	37.174677	35.772377
91.182365	35.309461	35.17436	35.309265	35.308997	36.457674	35.323827
91.683367	34.912263	34.797023	34.912053	34.911713	35.789737	34.929979
92.184369	34.579695	34.493885	34.579501	34.579071	35.23386	34.598952
92.685371	34.311265	34.25805	34.31111	34.310585	34.792644	34.33035
93.186373	34.103295	34.082065	34.103198	34.102584	34.453057	34.120816
93.687375	33.951461	33.959195	33.951436	33.950748	34.200794	33.966439
94.188377	33.851797	33.883712	33.851851	33.851119	34.023969	33.863687
94.689379	33.801027	33.850835	33.801157	33.80042	33.913615	33.809694
95.190381	33.796589	33.856574	33.796782	33.796089	33.863325	33.802259
95.691383	33.836525	33.897557	33.83675	33.836158	33.868728	33.839706
96.192385	33.919246	33.970867	33.919447	33.919021	33.92695	33.920626
96.693387	34.043151	34.073885	34.043246	34.043055	34.03604	34.043475
97.194389	34.206026	34.204134	34.205903	34.20602	34.194233	34.205951
97.695391	34.404191	34.35911	34.403725	34.40422	34.398892	34.404139
98.196393	34.631613	34.536081	34.630715	34.631633	34.644864	34.631697
98.697395	34.879777	34.731837	34.878486	34.879779	34.922155	34.879901
99.198397	35.139285	34.94238	35.137849	35.139289	35.213424	35.139426
99.699399	35.40217	35.162557	35.40099	35.402187	35.493489	35.402484
100.2004	35.660508	35.385647	35.659883	35.660529	35.735113	35.660973
100.7014	35.899701	35.603017	35.899586	35.899721	35.922965	35.899901
101.2024	36.094391	35.80399	36.094447	36.094406	36.065816	36.094128
101.70341	36.21679	35.976218	36.2167	36.216792	36.188641	36.216656
102.20441	36.255457	36.106828	36.255203	36.255464	36.304328	36.25606
102.70541	36.22838	36.184414	36.228236	36.228425	36.39354	36.229056
103.20641	36.175598	36.201436	36.17587	36.175673	36.420441	36.174806
103.70741	36.136675	36.156089	36.137451	36.136719	36.372985	36.133988
104.20842	36.130575	36.052699	36.131642	36.130546	36.280028	36.127644
104.70942	36.148161	35.900413	36.149107	36.148087	36.187234	36.147123
105.21042	36.157893	35.71089	36.158367	36.157842	36.125774	36.158898
105.71142	36.121652	35.496024	36.121691	36.121645	36.099362	36.122588
106.21242	36.014045	35.266386	36.014216	36.014035	36.086336	36.013024
106.71343	35.834116	35.030515	35.835299	35.834045	36.049374	35.831707
107.21443	35.602327	34.794845	35.605288	35.602199	35.9512	35.601023
107.71543	35.348098	34.563962	35.353165	35.347975	35.772684	35.350089
108.21643	35.098443	34.340983	35.105406	35.098392	35.522541	35.104009
108.71743	34.872282	34.127924	34.880448	34.872326	35.23117	34.879727
109.21844	34.678862	33.926012	34.687191	34.678965	34.935279	34.68564
109.71944	34.517838	33.735924	34.525154	34.517935	34.665091	34.522089
110.22044	34.380373	33.557968	34.385676	34.38042	34.438432	34.381932
110.72144	34.252068	33.392209	34.254902	34.252074	34.259768	34.252212
111.22244	34.118091	33.238556	34.118822	34.118096	34.121984	34.118182
111.72345	33.968781	33.096833	33.968602	33.968806	34.010242	33.969114
112.22445	33.802621	32.96681	33.803236	33.802637	33.907426	33.802585
112.72545	33.625122	32.84824	33.628308	33.625061	33.799627	33.624261
113.22645	33.445235	32.740875	33.452512	33.445033	33.679601	33.444002
113.72745	33.27196	32.644479	33.28445	33.271589	33.547118	33.27164
114.22846	33.11252	32.558835	33.130957	33.111993	33.406941	33.114659
114.72946	32.971964	32.483753	32.996757	32.971329	33.266108	32.977812
115.23046	32.853519	32.419068	32.884823	32.852846	33.131832	32.863704
115.73146	32.759152	32.364647	32.796897	32.758517	33.010398	32.77358
116.23246	32.690063	32.320383	32.733945	32.689536	32.906858	32.707976
116.73347	32.647014	32.286202	32.696446	32.646649	32.825149	32.667128
117.23447	32.630489	32.262058	32.684487	32.630317	32.768335	32.65118
117.73547	32.64066	32.247933	32.697683	32.640682	32.738785	32.660182
118.23647	32.677132	32.243836	32.734849	32.677316	32.73816	32.693867
118.73747	32.738397	32.249801	32.793426	32.73868	32.76709	32.751151
119.23848	32.820971	32.265888	32.868659	32.821267	32.824424	32.829256
119.73948	32.918301	32.292176	32.952761	32.918526	32.90602	32.922532
120.24048	33.019967	32.328764	33.034693	33.020077	33.003371	33.021379
120.74148	33.112283	32.375766	33.101642	33.112301	33.103062	33.112436
121.24248	33.181554	32.433304	33.142926	33.181561	33.188748	33.181593
121.74349	33.219704	32.501503	33.155131	33.219783	33.246642	33.21993
122.24449	33.228917	32.58048	33.144895	33.229087	33.272216	33.229087
122.74549	33.221193	32.67033	33.126555	33.221404	33.272869	33.221153
123.24649	33.212855	32.771108	33.116237	33.213038	33.264019	33.212781
123.74749	33.218369	32.882804	33.126633	33.21849	33.262105	33.218532
124.2485	33.247107	33.005303	33.164937	33.247171	33.279606	33.247578
124.7495	33.303198	33.138344	33.23337	33.303235	33.323637	33.303811
125.2505	33.386879	33.281452	33.330698	33.386917	33.396789	33.38737
125.7515	33.495935	33.433851	33.453592	33.495985	33.498509	33.496133
126.25251	33.626696	33.594358	33.59748	33.626753	33.626154	33.626616
126.75351	33.774544	33.761243	33.756927	33.77459	33.775506	33.774357
127.25451	33.934078	33.932065	33.925739	33.934102	33.940868	33.933981
127.75551	34.099134	34.103489	34.096992	34.099138	34.11493	34.099198
128.25651	34.262789	34.271125	34.263163	34.26279	34.28866	34.262912
128.75752	34.41748	34.42942	34.416486	34.417494	34.451554	34.4175
129.25852	34.555278	34.571708	34.549567	34.555309	34.592537	34.555141
129.75952	34.668292	34.690512	34.656061	34.668325	34.701611	34.668102
130.26052	34.749146	34.778177	34.731121	34.749164	34.771797	34.749034
130.76152	34.791552	34.827854	34.771321	34.791555	34.80035	34.791532
131.26253	34.791083	34.834634	34.774187	34.791083	34.78838	34.791081
131.76353	34.746115	34.796534	34.737893	34.746121	34.739063	34.746095
132.26453	34.658525	34.714948	34.661686	34.658537	34.655787	34.658531
132.76553	34.533585	34.594391	34.546917	34.533604	34.541473	34.533656
133.26653	34.378923	34.441635	34.397858	34.378962	34.399198	34.379044
133.76754	34.203085	34.264586	34.221546	34.203159	34.233164	34.203205
134.26854	34.01429	34.071249	34.026655	34.014395	34.049067	34.014375
134.76954	33.819698	33.869003	33.82205	33.819801	33.853668	33.819744
135.27054	33.625148	33.664231	33.615666	33.625212	33.653932	33.62517
135.77154	33.435211	33.462226	33.413942	33.435227	33.456246	33.435221
136.27255	33.253392	33.267281	33.221747	33.253394	33.265951	33.253396
136.77355	33.08236	33.082863	33.042573	33.082411	33.0872	33.082361
137.27455	32.924154	32.911808	32.878823	32.924312	32.923027	32.924154
137.77555	32.780341	32.756515	32.732095	32.780619	32.775509	32.780343
138.27655	32.652123	32.619101	32.603417	32.652459	32.645949	32.652128
138.77756	32.540407	32.501533	32.493415	32.540653	32.535039	32.540417
139.27856	32.445859	32.40572	32.402435	32.445791	32.442977	32.445872
139.77956	32.368926	32.333557	32.330613	32.368266	32.369569	32.368941
140.28056	32.309854	32.286933	32.277912	32.308303	32.314302	32.309869
140.78156	32.268686	32.267679	32.244125	32.265965	32.27642	32.268699
141.28257	32.245244	32.277435	32.228856	32.241139	32.255002	32.245255
141.78357	32.239101	32.317442	32.231479	32.233508	32.249056	32.239108
142.28457	32.249537	32.388208	32.251071	32.242501	32.257609	32.24954
142.78557	32.275489	32.489058	32.286333	32.267234	32.279759	32.275489
143.28657	32.315494	32.617552	32.335485	32.306427	32.314653	32.315494
143.78758	32.36763	32.768826	32.396163	32.358312	32.361357	32.367631
144.28858	32.42946	32.934961	32.465318	32.420541	32.418595	32.429463
144.78958	32.497986	33.104647	32.539153	32.490102	32.484419	32.497987
145.29058	32.56962	33.263523	32.613121	32.563269	32.555869	32.569618
145.79158	32.640203	33.395646	32.682059	32.635636	32.62876	32.640198
146.29259	32.705088	33.486224	32.740478	32.702253	32.697704	32.705081
146.79359	32.759351	33.524985	32.783031	32.757921	32.756467	32.759346
147.29459	32.798162	33.508742	32.80514	32.797649	32.798693	32.798161
147.79559	32.817306	33.441771	32.803629	32.81722	32.81889	32.817306
148.29659	32.813772	33.333845	32.777239	32.813771	32.813445	32.813772
148.7976	32.786261	33.197128	32.726818	32.786228	32.781344	32.786263
149.2986	32.735437	33.04343	32.655157	32.73547	32.724324	32.735452
149.7996	32.663829	32.882587	32.566501	32.664155	32.646415	32.663867
150.3006	32.575405	32.721938	32.465908	32.576284	32.553057	32.575473
150.8016	32.474973	32.56649	32.35861	32.47661	32.450116	32.475071
151.30261	32.367572	32.419371	32.249521	32.370076	32.343068	32.367687
151.80361	32.257969	32.282321	32.142911	32.261352	32.236477	32.258085
152.30461	32.150345	32.156124	32.042256	32.154542	32.133789	32.150447
152.80561	32.048137	32.040933	31.950209	32.053036	32.037361	32.048212
153.30661	31.954002	31.936502	31.868637	31.95947	31.948632	31.954047
153.80762	31.869863	31.842353	31.798703	31.875762	31.868382	31.869881
154.30862	31.796985	31.757878	31.740953	31.803181	31.79699	31.796985
154.80962	31.736067	31.682411	31.695396	31.742425	31.734668	31.736058
155.31062	31.687319	31.615273	31.661572	31.693701	31.681619	31.687309
155.81162	31.650533	31.555794	31.638617	31.656792	31.638127	31.650527
156.31263	31.625144	31.503332	31.62531	31.631119	31.604539	31.625139
156.81363	31.610271	31.457279	31.620133	31.615795	31.581187	31.610263
157.31463	31.604763	31.417065	31.621331	31.609675	31.568251	31.604745
157.81563	31.607246	31.382157	31.626993	31.611402	31.565596	31.607211
158.31663	31.61617	31.352061	31.635154	31.619474	31.572628	31.616117
158.81764	31.629881	31.326315	31.643921	31.6323	31.588187	31.629813
159.31864	31.646698	31.304491	31.651612	31.648281	31.610501	31.646624
159.81964	31.665011	31.28619	31.656899	31.665889	31.637232	31.664944
160.32064	31.683385	31.271041	31.658938	31.683754	31.665621	31.683336
160.82164	31.700658	31.258693	31.657448	31.700741	31.692734	31.700634
161.32265	31.716018	31.24882	31.652738	31.716018	31.715789	31.716017
161.82365	31.729048	31.241117	31.645662	31.729086	31.732534	31.729059
162.32465	31.73972	31.235292	31.637502	31.739796	31.74158	31.739727
162.82565	31.748343	31.231072	31.629813	31.748313	31.742637	31.748329
163.32665	31.755473	31.2282	31.624234	31.755062	31.736575	31.75543
163.82766	31.761793	31.226429	31.622301	31.760651	31.725284	31.761727
164.32866	31.768001	31.225527	31.62528	31.765769	31.711386	31.767932
164.82966	31.774702	31.225271	31.634038	31.771103	31.697838	31.774661
165.33066	31.782338	31.225453	31.648945	31.777247	31.68752	31.78235
165.83166	31.79114	31.225872	31.66982	31.784634	31.682864	31.791217
166.33267	31.801119	31.226338	31.69592	31.793489	31.685568	31.801249
166.83367	31.812077	31.226671	31.725959	31.803802	31.696407	31.81223
167.33467	31.823642	31.226703	31.758176	31.815321	31.715133	31.823778
167.83567	31.835307	31.226272	31.790433	31.827564	31.740483	31.835391
168.33667	31.846478	31.225228	31.82037	31.839857	31.770287	31.846496
168.83768	31.85651	31.223431	31.845594	31.851377	31.801673	31.856469
169.33868	31.864735	31.22075	31.863898	31.861211	31.831382	31.864659
169.83968	31.870476	31.217066	31.873489	31.868427	31.85617	31.870393
170.34068	31.87306	31.212268	31.873196	31.872142	31.873229	31.87299
170.84168	31.871831	31.206258	31.862607	31.871592	31.880586	31.871785
171.34269	31.866191	31.198946	31.842122	31.866188	31.877351	31.866167
171.84369	31.855649	31.190254	31.812897	31.855557	31.86379	31.85564
172.34469	31.839882	31.180117	31.776685	31.839562	31.841174	31.839882
172.84569	31.818796	31.168476	31.735613	31.818301	31.811464	31.818799
173.34669	31.792546	31.155288	31.69192	31.792075	31.776906	31.792549
173.8477	31.761528	31.140515	31.6477	31.761341	31.739626	31.761529
174.3487	31.726329	31.124135	31.604682	31.72665	31.701301	31.726326
174.8497	31.687634	31.106131	31.564069	31.68858	31.66295	31.687625
175.3507	31.646128	31.086499	31.526438	31.647669	31.62485	31.646113
175.8517	31.602394	31.065243	31.49172	31.604359	31.586588	31.602375
176.35271	31.556834	31.042376	31.459244	31.558959	31.547225	31.556816
176.85371	31.509636	31.017919	31.427848	31.511632	31.505542	31.509624
177.35471	31.460777	30.991901	31.396045	31.4624	31.460327	31.460775
177.85571	31.410074	30.964356	31.362222	31.411185	31.41066	31.410083
178.35671	31.357265	30.935328	31.324855	31.357857	31.356116	31.357283
178.85772	31.302112	30.904864	31.282703	31.302305	31.29688	31.302133
179.35872	31.244489	30.873016	31.234959	31.244496	31.23372	31.244507
179.85972	31.18446	30.839841	31.181343	31.184537	31.167858	31.184473
180.36072	31.122315	30.8054	31.122114	31.122708	31.100776	31.122322
180.86172	31.058574	30.769755	31.058017	31.059476	31.033999	31.058579
181.36273	30.993954	30.732972	30.990185	30.99548	30.968907	30.993963
181.86373	30.929318	30.695118	30.920011	30.931495	30.906603	30.929334
182.36473	30.865606	30.656262	30.84902	30.868382	30.84785	30.865629
182.86573	30.803776	30.616473	30.778747	30.807038	30.793063	30.803798
183.36673	30.744742	30.575819	30.71065	30.748336	30.742352	30.74475
183.86774	30.689336	30.534369	30.646043	30.69309	30.69559	30.689307
184.36874	30.638273	30.492191	30.586055	30.642015	30.652501	30.638179
184.86974	30.592138	30.449352	30.531614	30.595707	30.612747	30.591948
185.37074	30.551372	30.405917	30.483439	30.554631	30.576001	30.551056
185.87174	30.516279	30.36195	30.442047	30.519118	30.542008	30.51581
186.37275	30.487026	30.317514	30.407767	30.489364	30.510624	30.486385
186.87375	30.46365	30.272669	30.380749	30.465437	30.481828	30.462827
187.37475	30.446067	30.227471	30.360982	30.447284	30.455723	30.445065
187.87575	30.434081	30.181978	30.348305	30.434738	30.432517	30.432917
188.37675	30.427392	30.136242	30.34242	30.427524	30.412485	30.426094
188.87776	30.425605	30.090314	30.342901	30.425271	30.395939	30.424215
189.37876	30.428236	30.044242	30.349203	30.427516	30.383178	30.426804
189.87976	30.434724	29.998073	30.36067	30.433708	30.374454	30.433305
190.38076	30.444435	29.95185	30.376543	30.443224	30.369936	30.443086
190.88176	30.456676	29.905615	30.39597	30.45537	30.369672	30.455449
191.38277	30.470706	29.859405	30.418014	30.469398	30.37357	30.469643
191.88377	30.485747	29.813259	30.441666	30.484519	30.381377	30.484877
192.38477	30.501005	29.767209	30.465866	30.499918	30.392667	30.50034
192.88577	30.515684	29.721289	30.489521	30.514778	30.406841	30.51522
193.38677	30.529011	29.675527	30.511529	30.528304	30.423129	30.528728
193.88778	30.540259	29.629953	30.530815	30.539746	30.440608	30.540124
194.38878	30.548771	29.584592	30.546359	30.548431	30.458229	30.548743
194.88978	30.553986	29.539469	30.557237	30.553784	30.474854	30.554024
195.39078	30.555457	29.494605	30.562654	30.555355	30.489313	30.555522
195.89178	30.552871	29.450022	30.561978	30.552832	30.500457	30.552935
196.39279	30.546058	29.405739	30.554765	30.546049	30.507232	30.546102
196.89379	30.534988	29.361773	30.540781	30.534989	30.508742	30.535006
197.39479	30.519767	29.31814	30.520004	30.519767	30.504316	30.519763
197.89579	30.500614	29.274856	30.492624	30.500615	30.493552	30.5006
198.39679	30.47784	29.231934	30.459025	30.477853	30.476347	30.477832
198.8978	30.451813	29.189386	30.419763	30.451854	30.452892	30.451828
199.3988	30.422932	29.147224	30.375532	30.423021	30.423658	30.422985
199.8998	30.391596	29.105457	30.327129	30.391746	30.389342	30.391695
200.4008	30.358175	29.064095	30.275414	30.358394	30.350805	30.358324
200.9018	30.323001	29.023145	30.221282	30.323285	30.309006	30.323197
201.40281	30.286351	28.982616	30.165622	30.286683	30.264926	30.286584
201.90381	30.24845	28.942514	30.109295	30.2488	30.219504	30.248706
202.40481	30.209473	28.902843	30.05311	30.209802	30.173588	30.209735
202.90581	30.169558	28.863611	29.997809	30.169827	30.127894	30.169809
203.40681	30.128818	28.82482	29.944048	30.128998	30.082985	30.129044
203.90782	30.08736	28.786474	29.892397	30.087442	30.039263	30.087548
204.40882	30.045294	28.748577	29.84333	30.045306	29.996974	30.045439
204.90982	30.002753	28.711132	29.797222	30.002766	29.956225	30.002851
205.41082	29.959892	28.674139	29.754351	29.960035	29.917001	29.959948
205.91182	29.916901	28.637602	29.7149	29.917359	29.879201	29.916922
206.41283	29.874001	28.601521	29.678957	29.875014	29.842662	29.873996
206.91383	29.83144	28.565897	29.646519	29.833294	29.807192	29.83142
207.41483	29.789488	28.53073	29.6175	29.792501	29.772594	29.789464
207.91583	29.748429	28.496021	29.591732	29.752929	29.738696	29.748409
208.41683	29.708546	28.461769	29.568975	29.714855	29.705366	29.708538
208.91784	29.670119	28.427975	29.548922	29.678521	29.672526	29.670127
209.41884	29.633406	28.394636	29.531211	29.644133	29.640156	29.633432
209.91984	29.598641	28.361752	29.515433	29.611848	29.6083	29.598685
210.42084	29.566022	28.329322	29.501145	29.581774	29.577059	29.566081
210.92184	29.535705	28.297345	29.487879	29.553967	29.546579	29.535777
211.42285	29.507803	28.265818	29.475159	29.528432	29.517045	29.507882
211.92385	29.482376	28.234741	29.462514	29.505127	29.488662	29.482457
212.42485	29.459435	28.20411	29.449491	29.483965	29.461643	29.459512
212.92585	29.438938	28.173924	29.435669	29.464821	29.436193	29.439005
213.42685	29.420794	28.144181	29.420673	29.447537	29.412496	29.420844
213.92786	29.404859	28.114877	29.404184	29.431925	29.390701	29.404887
214.42886	29.390947	28.086012	29.385947	29.41778	29.370916	29.390947
214.92986	29.378829	28.057581	29.365779	29.404877	29.353196	29.378799
215.43086	29.368243	28.029583	29.343574	29.392985	29.337541	29.368179
215.93186	29.358895	28.002014	29.319301	29.381867	29.32389	29.358799
216.43287	29.350473	27.974872	29.293003	29.371287	29.312122	29.350348
216.93387	29.342653	27.948154	29.26479	29.361017	29.302057	29.342506
217.43487	29.335108	27.921856	29.234836	29.350835	29.293463	29.334948
217.93587	29.327519	27.895976	29.203367	29.340535	29.286056	29.327358
218.43687	29.319584	27.87051	29.170651	29.329929	29.279515	29.319435
218.93788	29.311028	27.845456	29.136991	29.318847	29.273488	29.310905
219.43888	29.30161	27.82081	29.102709	29.307139	29.267608	29.301523
219.93988	29.291129	27.796568	29.06814	29.294681	29.2615	29.291087
220.44088	29.279435	27.772729	29.033623	29.281371	29.254803	29.279438
220.94188	29.266423	27.749287	28.99949	29.267131	29.247179	29.266466
221.44289	29.252043	27.726241	28.966061	29.251909	29.238326	29.252111
221.94389	29.236292	27.703586	28.933638	29.235676	29.227995	29.236361
222.44489	29.219215	27.681319	28.902499	29.218424	29.215997	29.219255
222.94589	29.200897	27.659437	28.872898	29.200167	29.202211	29.200873
223.44689	29.181459	27.637936	28.845055	29.18094	29.186589	29.181336
223.9479	29.161052	27.616813	28.819164	29.160793	29.169158	29.160794
224.4489	29.139847	27.596064	28.795382	29.139793	29.150013	29.139426
224.9499	29.11803	27.575687	28.773836	29.11802	29.129315	29.117425
225.4509	29.095793	27.555677	28.754617	29.095564	29.107282	29.094997
225.9519	29.073331	27.53603	28.737784	29.072524	29.084175	29.072349
226.45291	29.050833	27.516745	28.723361	29.049006	29.060288	29.049685
226.95391	29.02848	27.497816	28.711343	29.025118	29.035932	29.027198
227.45491	29.00644	27.479241	28.70169	29.000974	29.011426	29.005065
227.95591	28.984863	27.461015	28.69433	28.976684	28.987079	28.983442
228.45691	28.963879	27.443136	28.689164	28.952359	28.963182	28.962463
228.95792	28.943597	27.4256	28.686061	28.928108	28.939997	28.942234
229.45892	28.9241	27.408403	28.684864	28.904033	28.917748	28.922833
229.95992	28.905447	27.391542	28.685386	28.880233	28.896615	28.904309
230.46092	28.88767	27.375013	28.68742	28.8568	28.876732	28.886684
230.96192	28.870772	27.358813	28.690733	28.833819	28.858181	28.869952
231.46293	28.854733	27.342938	28.695071	28.811367	28.840993	28.854078
231.96393	28.839508	27.327385	28.700163	28.789513	28.82515	28.83901
232.46493	28.825028	27.31215	28.705722	28.768318	28.810589	28.824669
232.96593	28.811207	27.297229	28.711449	28.747832	28.797204	28.810966
233.46693	28.797944	27.282619	28.717037	28.7281	28.784852	28.797795
233.96794	28.785125	27.268317	28.722174	28.709155	28.773363	28.785044
234.46894	28.772634	27.254318	28.726549	28.69102	28.762545	28.772597
234.96994	28.76035	27.240619	28.729853	28.673714	28.752195	28.76034
235.47094	28.74816	27.227217	28.73179	28.657242	28.742104	28.748161
235.97194	28.735957	27.214108	28.732075	28.641604	28.732073	28.73596
236.47295	28.723647	27.201288	28.730445	28.62679	28.721913	28.723649
236.97395	28.711155	27.188754	28.726659	28.612784	28.71146	28.711155
237.47495	28.698421	27.176502	28.720502	28.59956	28.700575	28.698422
237.97595	28.685407	27.164529	28.711793	28.587088	28.689154	28.685413
238.47695	28.672095	27.152831	28.700385	28.575328	28.67713	28.672111
238.97796	28.658485	27.141403	28.686166	28.564237	28.664471	28.658516
239.47896	28.644598	27.130244	28.669063	28.553763	28.651182	28.644647
239.97996	28.630469	27.119348	28.649041	28.543851	28.637305	28.630536
240.48096	28.616146	27.108713	28.626101	28.534441	28.622907	28.616229
240.98196	28.601685	27.098334	28.600282	28.525468	28.608082	28.601782
241.48297	28.58715	27.088208	28.571656	28.516864	28.592943	28.587254
241.98397	28.572603	27.078331	28.540326	28.508556	28.57761	28.572709
242.48497	28.558107	27.068699	28.506421	28.500471	28.562211	28.558208
242.98597	28.543718	27.059309	28.470097	28.492532	28.546865	28.543808
243.48697	28.529483	27.050158	28.431525	28.484662	28.531683	28.529555
243.98798	28.515438	27.04124	28.390896	28.476782	28.51676	28.515488
244.48898	28.501605	27.032553	28.348408	28.468812	28.502169	28.501629
244.98998	28.48799	27.024092	28.30427	28.460674	28.487955	28.487988
245.49098	28.474584	27.015854	28.258693	28.45229	28.474135	28.474557
245.99198	28.461362	27.007835	28.211888	28.443583	28.460697	28.461313
246.49299	28.448281	27.000031	28.164065	28.434479	28.447594	28.448215
246.99399	28.435283	26.992439	28.11543	28.424904	28.434752	28.435207
247.49499	28.422299	26.985053	28.066182	28.414789	28.422063	28.42222
247.99599	28.409243	26.977871	28.016509	28.404067	28.409394	28.409171
248.49699	28.396022	26.970889	27.966594	28.392677	28.396587	28.395964
248.998	28.382535	26.964102	27.916606	28.380559	28.383464	28.382497
249.499	28.368676	26.957507	27.866706	28.36766	28.369829	28.368661
250	28.354338	26.9511	27.817043	28.353929	28.355479	28.354343
